galaxy eta eta_p eta_m f_in f_in_p f_in_m M_gal M_gal_p M_gal_m M_GC_lim M_GC_lim_p M_GC_lim_m M_cl_min M_cl_min_p M_cl_min_m M_cl_max M_cl_max_p M_cl_max_m M_GC_diss M_GC_diss_p M_GC_diss_m
VCC1720 -2.4965 0.4427 0.4153 0.8444 0.1011 0.2347 10.3334 0.3 0.3165 6.574 0.267 0.2803 1.5273 0.3285 0.3577 7.4343 0.2715 0.4208 4.7283 0.2903 0.309
VCC1619 -2.3295 0.4899 0.4507 0.9391 0.0423 0.1623 10.2195 0.3196 0.3109 6.534 0.2709 0.2748 1.5486 0.3284 0.3666 7.414 0.2816 0.4073 4.8054 0.2772 0.2985
VCC1883 -2.3759 0.4284 0.4435 0.682 0.1992 0.319 10.2063 0.3193 0.3015 6.7247 0.2807 0.2699 1.4904 0.3267 0.3372 7.435 0.2573 0.3501 4.5327 0.2863 0.2891
VCC1242 -2.1728 0.4032 0.4055 0.4995 0.2858 0.3108 10.1813 0.3054 0.3188 6.8191 0.2737 0.3003 1.4784 0.3656 0.3174 7.391 0.2858 0.3218 4.8353 0.2841 0.2843
VCC784 -2.4403 0.5156 0.4883 0.8445 0.105 0.3041 10.1834 0.318 0.3054 6.2365 0.2803 0.299 1.5032 0.3443 0.3306 7.3675 0.3097 0.5376 4.7511 0.3119 0.3007
VCC828 -2.2356 0.4039 0.4264 0.8568 0.0962 0.2665 10.0921 0.3069 0.2952 6.8841 0.2833 0.2765 1.5031 0.3329 0.3378 7.4895 0.2225 0.2869 4.8201 0.2909 0.2857
VCC1250 -2.2416 0.4085 0.3876 0.8069 0.1302 0.3234 9.5276 0.3206 0.2843 6.3272 0.3024 0.2963 1.5453 0.3113 0.3709 7.2684 0.3651 0.5118 4.905 0.2955 0.3011
VCC1630 -2.2728 0.4601 0.4592 0.9344 0.0469 0.1614 10.0865 0.2927 0.3063 6.4423 0.2961 0.3084 1.5482 0.3071 0.3693 7.3904 0.3046 0.4789 4.8056 0.2802 0.3105
VCC1146 -1.9324 0.4206 0.3952 0.9886 0.0076 0.0297 9.891 0.299 0.2905 6.9635 0.302 0.2668 1.5464 0.3267 0.367 7.569 0.1643 0.2172 4.9493 0.2923 0.2769
VCC1913 -2.1225 0.4826 0.4535 0.9313 0.047 0.1202 9.9755 0.298 0.3216 6.7999 0.2631 0.278 1.5534 0.3047 0.3732 7.494 0.2121 0.3085 4.6226 0.282 0.3024
VCC1125 -2.4861 0.4115 0.3826 0.4675 0.2857 0.307 9.8884 0.2961 0.3054 6.5711 0.2782 0.2973 1.5223 0.3385 0.3543 7.1819 0.3998 0.3822 4.7264 0.2888 0.2934
VCC1283 -2.4494 0.381 0.3973 0.5331 0.2539 0.3208 9.9435 0.2933 0.2999 6.4122 0.2809 0.2814 1.5638 0.3027 0.3659 7.23 0.4009 0.4777 4.719 0.3054 0.2768
VCC1261 -2.1504 0.4 0.439 0.7289 0.1774 0.368 9.6392 0.306 0.2952 6.6022 0.2878 0.3024 1.5126 0.3297 0.3388 7.36 0.3039 0.3851 4.8598 0.2838 0.2961
VCC698 -2.1681 0.3813 0.3618 0.4633 0.2884 0.3226 9.9697 0.279 0.2874 6.5533 0.2862 0.2573 1.4915 0.3554 0.346 7.2833 0.3519 0.411 4.9599 0.2841 0.2918
VCC1422 -2.2225 0.3835 0.4135 0.6048 0.2294 0.3743 9.5474 0.3205 0.2827 6.4087 0.2727 0.2873 1.5598 0.312 0.3854 7.3338 0.3367 0.4551 4.7077 0.2888 0.2851
VCC2048 -2.2903 0.3726 0.343 0.4483 0.2766 0.2997 9.4562 0.2926 0.2998 6.5068 0.2833 0.3019 1.526 0.3257 0.3463 7.1389 0.4247 0.4187 4.9883 0.2786 0.3043
VCC1871 -2.1609 0.4618 0.448 0.9176 0.058 0.1745 9.3532 0.2877 0.2978 6.5308 0.3167 0.2879 1.5972 0.2808 0.3674 7.4515 0.2542 0.4198 4.8624 0.2973 0.2841
VCC9 -2.4143 0.3652 0.3894 0.309 0.2642 0.216 9.4535 0.3125 0.3025 6.3066 0.2548 0.2776 1.4814 0.3493 0.3341 6.846 0.529 0.4289 4.891 0.29 0.3171
VCC1910 -1.6263 0.4006 0.412 0.574 0.2561 0.3326 9.3151 0.3294 0.3098 7.0757 0.2885 0.2916 1.4931 0.3319 0.3307 7.5608 0.1693 0.2159 4.9017 0.2955 0.3091
VCC856 -1.7402 0.4105 0.4157 0.7046 0.1839 0.3475 9.3048 0.33 0.2977 6.3626 0.2752 0.294 1.4982 0.3263 0.3161 7.3808 0.3008 0.4927 4.9106 0.2856 0.2925
VCC140 -2.3649 0.3794 0.3664 0.3361 0.265 0.2273 9.3519 0.2867 0.3097 6.3078 0.295 0.2784 1.5225 0.32 0.3625 6.9521 0.546 0.467 4.8305 0.2919 0.2891
VCC1355 -2.4253 0.4259 0.425 0.5911 0.2313 0.3328 9.2608 0.314 0.3246 6.1948 0.2893 0.2757 1.5108 0.3276 0.3422 7.1938 0.4194 0.4821 4.8148 0.2936 0.3101
VCC1087 -1.8826 0.4199 0.4013 0.6182 0.2566 0.3684 9.5299 0.3075 0.3293 7.3263 0.2682 0.2402 1.5007 0.3257 0.337 7.6735 0.0883 0.1013 4.8858 0.2964 0.2837
VCC1861 -1.8807 0.3731 0.4396 0.5244 0.2749 0.3212 9.4277 0.317 0.2945 6.8553 0.2685 0.2905 1.5159 0.3335 0.3337 7.4035 0.2739 0.2976 4.7594 0.3078 0.3039
VCC543 -2.4663 0.4 0.3449 0.374 0.2768 0.2564 9.325 0.2876 0.2971 6.1001 0.2969 0.2696 1.4766 0.3574 0.3516 6.9165 0.5832 0.5227 4.8381 0.2888 0.2911
VCC1431 -1.7241 0.3597 0.3974 0.5994 0.2339 0.3694 9.315 0.2927 0.2857 6.5186 0.2767 0.2893 1.5158 0.3265 0.3506 7.3204 0.3439 0.4556 4.8382 0.2923 0.2932
VCC1528 -2.0565 0.367 0.3758 0.2935 0.2907 0.2073 9.1897 0.3081 0.2856 6.4389 0.2516 0.2775 1.5418 0.3113 0.3755 6.7511 0.5086 0.3195 4.6868 0.2749 0.2961
VCC1695 -2.4369 0.3726 0.3589 0.4168 0.2781 0.2757 9.2612 0.2891 0.3124 6.263 0.2888 0.2862 1.4361 0.3857 0.3088 7.0102 0.5123 0.4745 4.8028 0.2939 0.2736
VCC437 -2.0712 0.4039 0.3927 0.5667 0.2586 0.3312 9.4198 0.3144 0.3036 6.4997 0.2863 0.2851 1.5481 0.3166 0.3668 7.3181 0.3361 0.4465 4.8228 0.2971 0.2888
VCC2019 -1.7042 0.3962 0.4013 0.7208 0.1852 0.3605 8.9641 0.3088 0.2892 6.9934 0.2671 0.2911 1.5304 0.3296 0.3465 7.5121 0.1996 0.2503 4.9518 0.2959 0.3086
VCC33 -1.8657 0.332 0.3586 0.3551 0.3001 0.2449 8.5981 0.2929 0.2744 5.9998 0.2802 0.2995 1.4522 0.3723 0.3223 6.7767 0.6198 0.5042 4.8502 0.29 0.3103
VCC200 -2.5248 0.358 0.3415 0.3473 0.3117 0.246 9.1028 0.306 0.289 6.0623 0.2668 0.2743 1.4488 0.365 0.2992 6.759 0.634 0.5181 4.8367 0.303 0.2798
VCC21 -1.6319 0.3965 0.3616 0.5146 0.2503 0.3158 8.7443 0.2907 0.2884 6.509 0.273 0.2932 1.5119 0.323 0.3412 7.2489 0.3846 0.4705 4.8314 0.3021 0.2972
VCC1488 -2.2224 0.3544 0.3585 0.3321 0.2996 0.2317 8.5965 0.2966 0.287 6.0994 0.2712 0.2834 1.4233 0.3686 0.3049 6.4496 0.5676 0.3604 4.762 0.2809 0.2691
VCC1779 -2.356 0.3636 0.3493 0.3933 0.2846 0.2588 9.032 0.2793 0.3098 6.1213 0.2711 0.2797 1.5227 0.3208 0.363 6.8572 0.5571 0.5324 4.9557 0.2966 0.2858
VCC1895 -2.1797 0.3462 0.3586 0.2823 0.2886 0.2084 8.8599 0.2961 0.2967 6.1967 0.2687 0.259 1.433 0.3705 0.3061 6.4777 0.5329 0.31 4.8074 0.2824 0.28
VCC1545 -1.9246 0.3991 0.3909 0.3266 0.2797 0.2281 9.1213 0.3135 0.31 6.3528 0.2587 0.2795 1.4026 0.3737 0.2858 6.836 0.5256 0.3873 4.5827 0.294 0.2859
VCC1192 -2.3191 0.4251 0.4146 0.9401 0.0397 0.1264 9.2596 0.3032 0.284 6.6469 0.3017 0.2923 1.4839 0.324 0.3485 7.4576 0.2458 0.3611 4.8706 0.3048 0.3027
VCC1857 -1.7627 0.3735 0.3823 0.4342 0.2699 0.2833 8.8869 0.2866 0.3111 6.5573 0.2853 0.2877 1.5179 0.3226 0.3338 7.2752 0.3446 0.4402 4.8014 0.2996 0.2792
VCC1075 -2.0835 0.3977 0.3596 0.4774 0.291 0.3096 9.0585 0.2958 0.2973 6.3721 0.2778 0.2889 1.5014 0.3339 0.3384 7.1573 0.4536 0.4886 4.7653 0.2769 0.2624
VCC1948 -2.1633 0.3496 0.3503 0.2475 0.2947 0.1827 8.691 0.2774 0.3025 6.0987 0.2545 0.2624 1.4814 0.3491 0.3192 6.3227 0.5444 0.2982 4.7875 0.2707 0.3126
VCC1627 -1.2402 0.4174 0.4051 0.8532 0.097 0.2614 9.0309 0.3104 0.2765 7.2523 0.2805 0.2802 1.5418 0.326 0.3697 7.6259 0.1203 0.1226 4.9112 0.2915 0.2939
VCC1440 -1.7867 0.3774 0.4388 0.7275 0.1765 0.3561 9.0694 0.2965 0.3077 5.9836 0.2887 0.2917 1.5501 0.3119 0.3541 7.3197 0.3405 0.5707 4.7371 0.2811 0.2984
VCC230 0.0 0.0 0.0 0.0 0.0 0.0 0.0 0.0 0.0 0.0 0.0 0.0 0.0 0.0 0.0 0.0 0.0 0.0 0.0 0.0 0.0
VCC2050 -1.9145 0.3795 0.3882 0.4728 0.2751 0.2971 8.447 0.3143 0.2919 6.3012 0.2869 0.2917 1.5192 0.3455 0.3432 7.1442 0.4685 0.5241 4.684 0.2798 0.2691
VCC751 -2.1913 0.4383 0.3956 0.4823 0.2774 0.3009 9.0979 0.3345 0.3194 5.9632 0.2939 0.2867 1.5319 0.3337 0.3678 7.0346 0.5215 0.5945 5.0916 0.3059 0.2804
VCC1828 -2.0405 0.3961 0.4217 0.5837 0.2273 0.3371 9.0588 0.3271 0.3022 7.1422 0.282 0.2846 1.4531 0.3533 0.3002 7.5399 0.1758 0.1878 4.9057 0.2861 0.294
VCC538 -1.9667 0.4164 0.3938 0.584 0.2374 0.3625 8.7986 0.2922 0.287 5.9337 0.2842 0.3059 1.5155 0.3309 0.3357 7.0987 0.5003 0.6529 4.9814 0.302 0.2916
VCC1407 -1.8809 0.3643 0.3628 0.4891 0.3032 0.3071 9.1023 0.2969 0.3134 6.0704 0.2669 0.2746 1.4562 0.3817 0.3141 7.0866 0.4811 0.5715 4.7243 0.303 0.3058
VCC1886 -1.9626 0.3754 0.3646 0.4018 0.3083 0.2666 8.694 0.3034 0.2989 6.2421 0.2884 0.2882 1.4921 0.3523 0.3383 7.1291 0.4558 0.5257 4.9819 0.2723 0.2729
VCC1199 -1.6903 0.4228 0.4078 0.9163 0.0545 0.1776 8.7357 0.2882 0.3128 6.9258 0.2755 0.2951 1.5309 0.3171 0.3522 7.5557 0.1764 0.2632 4.741 0.3009 0.3024
VCC1539 -1.5121 0.3596 0.3837 0.517 0.2555 0.3324 8.7196 0.2929 0.2939 6.5379 0.2889 0.2791 1.455 0.3722 0.3107 7.2954 0.3475 0.4467 4.8727 0.2686 0.2832
VCC1185 -1.948 0.424 0.4378 0.4973 0.2904 0.3189 8.9251 0.3276 0.3461 6.0953 0.2819 0.2763 1.5069 0.3547 0.3401 7.116 0.461 0.5989 4.8461 0.308 0.2834
VCC1826 -1.6093 0.3836 0.3871 0.6744 0.2018 0.3749 8.7829 0.2919 0.2808 6.1736 0.2857 0.2926 1.5176 0.3299 0.357 7.3225 0.3394 0.5295 5.022 0.299 0.2897
VCC1489 -1.773 0.3686 0.3476 0.3521 0.295 0.2364 8.471 0.2904 0.2917 6.1073 0.2817 0.2726 1.4629 0.3549 0.3065 6.757 0.6213 0.5045 4.8047 0.2738 0.2836
VCC1661 -1.811 0.3894 0.3956 0.7506 0.1591 0.3503 8.626 0.3096 0.297 5.9338 0.2784 0.2955 1.4721 0.3415 0.3213 7.2468 0.3919 0.6126 4.8059 0.2931 0.3119
